time,x,y,z,phi,theta,psi,x_velocity,y_velocity,z_velocity,phi_velocity,theta_velocity,psi_velocity,rotor_speed1,rotor_speed2,rotor_speed3,rotor_speed4
0.02,0.0,0.0,10.0002778185,1.69476905043e-06,0.000336875629181,0.0,0.0,0.0,0.0277818511452,0.000260366591613,0.0036708343966,0.0,430.9859715216373,431.91556643320945,431.6792105314652,431.745105335549
0.04,-8.63458294909e-07,4.34392461716e-09,10.0014345922,0.000480015261707,0.00187260694963,0.0,-8.63458294909e-05,4.34392461716e-07,0.0878955132371,-0.00408986632548,-0.00397721014436,0.0,462.0497133597094,460.2375712352191,462.734549598048,461.7062328737206
0.06,-7.10954108511e-06,1.17145217805e-06,10.0036438014,0.00135487539272,0.00335538529095,0.0,-0.000538262449529,0.000116276432882,0.133025407408,-0.0102758422631,-0.0118824553505,0.0,449.68859458934264,447.76382158935655,448.01356408199126,446.5024732173333
0.08,-2.63410646348e-05,6.91557494709e-06,10.0068654877,0.00194030001652,0.00527665512835,0.0,-0.00138488990544,0.000458135844022,0.189143226182,-0.00465110593483,-0.021175289029,0.0,458.751582478753,456.53307452450485,457.8644629207114,459.20486538047624
0.1,-6.62942157277e-05,2.05847118794e-05,10.0110088871,0.00245541535634,0.0083592025281,0.0,-0.00261042520384,0.00090877784921,0.225196712536,0.000280982703972,-0.0330176759173,0.0,440.83191115633474,437.88691052756315,439.06592824508095,440.2916473883451
0.12000000000000001,-0.000139032066753,4.47903702031e-05,10.0160066542,0.00252826589115,0.00867649439469,0.0,-0.00466335989871,0.00151178798316,0.274580001552,-0.00135890608158,-0.0267642116456,0.0,451.2283275985588,452.7396181822736,452.1633448498597,451.766899736819
0.14,-0.000252650046073,8.09560311244e-05,10.0218816925,0.00451494889326,0.00993857638212,0.0,-0.00669843803326,0.00210477810896,0.312923830755,0.00761630672646,-0.0182851404221,0.0,441.37232411836084,443.4661872903805,439.9183063947153,442.14187436395554
0.16,-0.000409572564732,0.000133478740286,10.0284876257,0.00470376136675,0.0126602951573,0.0,-0.0089938138327,0.00314749280718,0.347669485582,0.00882438518346,-0.00717222616232,0.0,438.0813944339106,440.84441288805016,437.08599442248794,437.38777051425205
0.18,-0.000617254025731,0.000206758600842,10.0356751172,0.00555966766227,0.0126378837411,0.0,-0.0117743322671,0.0041804932484,0.371079659641,0.00361125333454,-0.00937252711515,0.0,427.91108489664396,427.34900207310153,428.023135944005,426.6901765355348
0.19999999999999998,-0.000876300461285,0.000300732182279,10.042998784,0.00584440612147,0.0129707800549,0.0,-0.0141303112883,0.00521686489538,0.361287022635,0.00652682115236,-0.0139347496265,0.0,394.13570694253843,392.86903680858956,393.87721939802134,394.68511005912086
0.21999999999999997,-0.00119437111731,0.00042104791929,10.0509964721,0.00715131805126,0.0136977091783,0.0,-0.0176767543138,0.00681470880566,0.438481791472,0.0133864873447,-0.0202770650267,0.0,477.4791325668417,476.0257270011968,476.3867521581002,477.957359676535
0.23999999999999996,-0.00158352226704,0.000575934874184,10.0604039815,0.00744790669399,0.0132953753651,0.0,-0.0212383606596,0.00867398668376,0.502269148308,0.0144608968724,-0.0206352542151,0.0,464.7884896356351,464.70432102664586,465.50113284204014,465.75312576912546
0.25999999999999995,-0.00204237532693,0.000768507136412,10.0710508076,0.00776920590313,0.0132719072052,0.0,-0.0246469453292,0.010583239539,0.562413459544,0.0155937035055,-0.0245810718712,0.0,462.97931856445985,462.0471996780811,461.2972584171665,461.5653811107439
0.27999999999999997,-0.00256658658816,0.000998476155352,10.0826930491,0.00810938962331,0.0153435561376,0.0,-0.0277741807943,0.012413662355,0.60181068764,0.0145295672347,-0.0144553217856,0.0,441.8496663518207,444.34649010873943,442.9594881241306,442.69682570524185
0.3,-0.00315205721465,0.00126259567247,10.094721316,0.00953010094072,0.0151536924417,0.0,-0.0307728818547,0.0139982893573,0.601016001331,0.0212530186481,-0.0164477347929,0.0,403.92224134447474,403.3830014775759,402.4845907201426,404.305635584717
0.32,-0.00380716828692,0.00156749543456,10.1073959281,0.0122891973602,0.0187435204294,0.0,-0.0347382253723,0.0164916868511,0.666445214503,0.0309153911239,-0.00392769855718,0.0,465.21326985405034,468.1446956921865,465.81518769418324,468.07612831793375
0.34,-0.00454579282501,0.00192608015772,10.1211022732,0.0129640274916,0.0187928811958,0.0,-0.0391242284369,0.0193667854654,0.704189289393,0.0294117647223,-0.00166571060409,0.0,440.8826259752193,441.44293631898194,442.14204750050135,441.77063867931696
0.36000000000000004,-0.00537062703698,0.00234262341348,10.1354769377,0.0152077807019,0.0205033627453,0.0,-0.0433591927598,0.0222875401102,0.733277164689,0.0212741534859,-0.0100174667347,0.0,434.4380962861341,432.3324905453541,434.40067298863534,432.34925837965545
0.38000000000000006,-0.00629205401853,0.00282859707297,10.1508252005,0.016065569317,0.0204126622631,0.0,-0.0487835053954,0.0263098258383,0.801549118058,0.0171157617514,-0.00792319977478,0.0,467.962736439398,468.4516015703961,471.3435026302828,470.37850683606405
0.4000000000000001,-0.00732234990767,0.00339777387607,10.1675693076,0.0164389653491,0.0216129158577,0.0,-0.0542460835179,0.0306078544719,0.872861585011,0.018230764837,-0.000551042451303,0.0,471.83856089317237,473.54279758864243,471.813617670093,472.07166834168686
0.4200000000000001,-0.00845642313123,0.00404730307142,10.1853377924,0.0169314524292,0.0216024031819,0.0,-0.059161238839,0.0343450650632,0.903986898413,0.015969156707,-0.000408469909421,0.0,436.3665273496819,436.40223856505895,435.11869856636935,434.55034346621403
0.4400000000000001,-0.00969644922722,0.00477870768005,10.2040838156,0.0173708167299,0.0215975466919,0.0,-0.0648413707594,0.0387953957993,0.970615422769,0.0181598750056,-4.44419885739e-05,0.0,469.0248874181252,469.1096945047891,467.3527782038172,467.864575214664
0.46000000000000013,-0.0110404400506,0.0055925319908,10.2237167933,0.0177851004359,0.0234598840878,0.0,-0.0695577115771,0.0425870352766,0.992682345204,0.0167303827058,0.00858857888628,0.0,424.83430672840746,427.0489410228246,428.3385089689308,427.97364850304615
0.48000000000000015,-0.012483485896,0.00648359269911,10.2438192039,0.0193293009676,0.0247845380434,0.0,-0.0747468729619,0.046519035554,1.01755872023,0.023686223065,0.0153794032189,0.0,429.92520898749024,431.64755512242175,427.98702154542104,429.75913924052867
0.5000000000000001,-0.0140424147421,0.0074638547054,10.2647888301,0.0198184373797,0.0254513468793,0.0,-0.0811460116494,0.0515071650748,1.07940389335,0.0229010619163,0.0115887791464,0.0,464.00266703842675,463.1090520685741,465.1224110515194,464.9379587244713
0.5200000000000001,-0.0157258136415,0.00854106407394,10.2867896657,0.0227155786759,0.0277455580127,0.0,-0.0871938782939,0.0562137717795,1.12067966588,0.0327785515932,0.0206715882944,0.0,444.218509622307,446.44695723490565,444.6699551719518,447.09057238456506
0.5400000000000001,-0.0175309688047,0.00971547509463,10.3094481682,0.0245077363369,0.0304931445272,0.0,-0.0933216380207,0.0612273302898,1.14517058329,0.0395212116887,0.0110089701221,0.0,431.4115523153427,428.95722062645376,428.4855286364122,430.20199076775907
0.5600000000000002,-0.0194629060281,0.0109926296388,10.3325359369,0.0256687863659,0.0309313223154,0.0,-0.099872084322,0.0664881241243,1.16360629352,0.0433715404813,0.00805601644293,0.0,424.17048161346787,423.40898511452673,423.59999847000614,424.5929061105442
0.5800000000000002,-0.021532355222,0.0123821016865,10.3561719416,0.0274555299369,0.0311191725944,0.0,-0.107072835067,0.0724590806482,1.19999416877,0.0494355746547,0.00702199613017,0.0,440.65101982907015,440.3944228624528,441.2527957737646,442.75295460504395
0.6000000000000002,-0.0237447182223,0.013893787498,10.3804860701,0.0292809902418,0.0313838645789,0.0,-0.114163464961,0.078709500504,1.23141868258,0.043650252497,0.00925136430803,0.0,436.27146652482617,436.82936825663717,437.47482700717484,436.02900059242853
0.6200000000000002,-0.0261070442881,0.0155416702504,10.4056687474,0.0301964458264,0.0332799998367,0.0,-0.122069141619,0.0860787747334,1.28684905164,0.0423471709997,0.0175244724826,0.0,457.3686446610057,459.3407668467713,459.88951894610767,459.58080634575066
0.6400000000000002,-0.0286126248755,0.0173214293074,10.4313703097,0.0313901478025,0.0346356420408,0.0,-0.128488917125,0.0918971309646,1.2833071773,0.0460714618375,0.0238653013067,0.0,401.5939961692465,403.3155488921329,401.4335633024958,402.44721914747106
0.6600000000000003,-0.0312799531947,0.01924769052,10.4578874876,0.0328198546929,0.0351953090095,0.0,-0.138243914795,0.100728990295,1.36841061673,0.0415624590491,0.0220502427118,0.0,485.71011027280304,485.30162633281793,485.7212884236767,484.706934601152
0.6800000000000003,-0.0341163049853,0.0213288323859,10.4853215021,0.0336731586703,0.0362788374187,0.0,-0.145391264262,0.107385196299,1.37499082832,0.0425017097386,0.027119852381,0.0,412.3080666371886,413.64949684005285,412.47855770685635,412.72836944530746
0.7000000000000003,-0.037112657515,0.023558598883,10.513295928,0.0354215375759,0.0372594266373,0.0,-0.154243988713,0.115591453412,1.42245175969,0.0365072299086,0.0313064604162,0.0,451.88510971651675,452.89649241192626,452.6897836604516,451.24148218425773
0.7200000000000003,-0.0402998785022,0.0259675928313,10.5425254572,0.0362069228418,0.0380974436585,0.0,-0.164478110003,0.125307941413,1.50050116542,0.0379937112271,0.0283951870667,0.0,479.953810910107,479.29081856322017,479.52000840602403,479.8591171460578
0.7400000000000003,-0.0436636841875,0.0285441896874,10.5725186858,0.0382609040125,0.0390920185733,0.0,-0.171902458528,0.132351744201,1.49882168791,0.0307989716318,0.0242639830125,0.0,404.84377550134843,403.7274883101191,406.3073542769678,404.3686330129324
0.7600000000000003,-0.0471928681034,0.0312802729702,10.6028600439,0.0441324219833,0.039578664135,0.0,-0.181015933066,0.141256584077,1.53531412369,0.0452979902718,0.0240302394431,0.0,443.56904843566,443.51154320010846,439.38194979103935,442.9733867627403
0.7800000000000004,-0.0509288834631,0.0342342072483,10.6345215292,0.0455238721415,0.0406860388431,0.0,-0.192585602899,0.154136843736,1.63083440501,0.0408912211479,0.019023164771,0.0,495.51210615074945,494.40672649723007,495.49169759113937,494.5198897162056
0.8000000000000004,-0.0548874614732,0.0374363014059,10.6677968968,0.0477962588004,0.0412264192627,0.0,-0.203272198109,0.166072572024,1.69670235936,0.0485189658628,0.0164939979185,0.0,470.41363625293366,469.82570740371256,468.30932201524087,470.08651856265834
0.8200000000000004,-0.0590628588499,0.0408849830888,10.7024295237,0.049315125403,0.041623370167,0.0,-0.214267539568,0.178795596264,1.76656032785,0.0438350047812,0.018131934986,0.0,472.58105889312833,472.95952986926324,474.5886963884957,473.51030102348557
0.8400000000000004,-0.0634523990139,0.0445840740032,10.7382952632,0.0503835613268,0.0421505749809,0.0,-0.224686476829,0.191113495175,1.8200136211,0.0410656306411,0.0206976014813,0.0,459.0739879181828,459.6842057823821,458.92321994684687,458.2643601949775
0.8600000000000004,-0.0680520449298,0.0485326583412,10.7752393505,0.0525973035084,0.0436663437884,0.0,-0.23527811476,0.20374493863,1.8743951171,0.0336025761223,0.014058876369,0.0,461.1582858559458,459.582503159399,460.55794110334,458.7846611002649
0.8800000000000004,-0.0728812159016,0.0527561076191,10.8135878899,0.0538491926431,0.0440227024253,0.0,-0.247638982417,0.218599989152,1.96045881605,0.0384185396283,0.01232473555,0.0,487.63839953039667,487.24951986703036,488.2121185210182,489.2891845092767
0.9000000000000005,-0.0779658741754,0.0572890415947,10.8538218501,0.0549247704475,0.0442992247518,0.0,-0.260826844965,0.234693408408,2.06293721081,0.0419240040019,0.0112287863632,0.0,501.3938787500149,501.15483349577744,502.7757376869788,503.5375630111557
0.9200000000000005,-0.0832956370661,0.0621229066178,10.8956661174,0.055817863927,0.0489406065272,0.0,-0.272149444106,0.248693093905,2.12148951818,0.0404459864178,-0.00206302472203,0.0,465.9394981850048,462.81161975187155,465.2254500540943,464.87901955668315
0.9400000000000005,-0.0888548432878,0.0672289223127,10.9385004017,0.0569336811675,0.0492770786681,0.0,-0.283771178062,0.261908475586,2.16193890985,0.0369422883021,-0.00595009372231,0.0,447.9488000337013,446.9996056399538,449.89603560569276,449.04504697932015
0.9600000000000005,-0.0946749954991,0.0726338345328,10.9827042504,0.0585716482602,0.0500293519958,0.0,-0.298244043072,0.278582746419,2.2584459628,0.0309452179287,-0.0118535679611,0.0,499.2477167779619,497.9540116924108,498.1460295086296,496.82923912009477
0.9800000000000005,-0.100752377472,0.0783367397247,11.0281510941,0.0604507593431,0.050359645192,0.0,-0.309494154245,0.291707772774,2.28623840203,0.0238453398329,-0.0166174510637,0.0,437.30582734990566,436.1138975430773,438.5199028603461,436.7474182028598
1.0000000000000004,-0.107079095873,0.0843346035156,11.0746204359,0.0617245788216,0.050115975429,0.0,-0.323177685847,0.308078606319,2.36069578227,0.0181994114527,-0.0147340577609,0.0,479.16275836059737,479.59218961054654,480.8203795231973,479.53554349448586
1.0200000000000005,-0.113645100044,0.0906218233928,11.1219072982,0.0621991849127,0.0498751575315,0.0,-0.333422731257,0.320643381395,2.36799044724,0.0160959109224,-0.013266225922,0.0,417.3880687667089,417.7722818261641,418.0551483890923,417.5049003472549
1.0400000000000005,-0.120444215708,0.0971970061021,11.1699135067,0.0646459994105,0.0499615215125,0.0,-0.346488835116,0.336874889539,2.43263040248,0.0253152303753,-0.00951555398527,0.0,472.09407427257173,472.9615763640652,469.4588888683542,471.5998803723799
1.0600000000000005,-0.127499523159,0.104096246254,11.2191048329,0.0657659009873,0.0497914401804,0.0,-0.359041909959,0.353049125671,2.48650221885,0.0302694082861,-0.0104151038209,0.0,461.4972004301015,461.28427593161115,462.4780326963526,463.64723618372915
1.0800000000000005,-0.134802204432,0.111317427717,11.2693077061,0.0665605772822,0.0501227364007,0.0,-0.371226217318,0.369069020599,2.5337850927,0.0275177678362,-0.00576925278269,0.0,454.78333075690915,455.8984172029803,457.99098747907703,457.3342389132183
1.1000000000000005,-0.142326367331,0.118830382994,11.3199979576,0.0671193198702,0.0519055163084,0.0,-0.381190072668,0.382226507109,2.53524006676,0.0269385534945,-0.0144828397899,0.0,413.48840154432526,411.17916098172844,413.2439441751671,413.0909960292741
1.1200000000000006,-0.150087718213,0.126651926844,11.3713770953,0.0676713338381,0.0517929947588,0.0,-0.394945015464,0.399927877943,2.60267370258,0.0276663693488,-0.0118209964724,0.0,473.9888456540774,474.6022536830821,475.30263356803994,475.47005050435007
1.1400000000000006,-0.158109223794,0.13480979492,11.4238224677,0.0684784094854,0.0515987141892,0.0,-0.407205542691,0.415858929639,2.64186353544,0.0244804738051,-0.0105226997445,0.0,449.5970866893678,449.912663206742,449.9636189349049,449.18940664788704
1.1600000000000006,-0.166349565712,0.143253792503,11.4765504062,0.069363135329,0.0515665712469,0.0,-0.416828649037,0.428540828666,2.63093031083,0.0205049669571,-0.0131933629777,0.0,400.93846682703605,400.20999171001625,401.3226254410298,400.23877806817177
1.1800000000000006,-0.174803124687,0.151980960511,11.529461402,0.0710541920705,0.0533066597735,0.0,-0.428527248531,0.444175972089,2.6601692688,0.0133468739083,-0.0221464759249,0.0,441.7335258883091,439.513178701658,441.28319200200946,439.5069774512972
1.2000000000000006,-0.183512408162,0.161048301197,11.5832895883,0.0720864417351,0.0531285788055,0.0,-0.442401098969,0.462558096555,2.72264936233,0.0188797291802,-0.0188916422853,0.0,470.42279115598916,471.1782845065804,470.8650857621914,472.1472729445545
1.2200000000000006,-0.192478291854,0.17045824204,11.6379837771,0.0760470813719,0.0537379779244,0.0,-0.454187270197,0.478435987715,2.74676951784,0.0308514375848,-0.0251756918222,0.0,436.9344320434055,435.35995893079206,434.7134532858799,437.7125594452812
1.2400000000000007,-0.201676148383,0.180187220776,11.6930647383,0.0798180907659,0.0535830903829,0.0,-0.465598382694,0.494461885897,2.76132660624,0.0196193751877,-0.0289099992277,0.0,427.17727041588444,426.2207529258822,429.01389731580264,426.1435695525541
1.2600000000000007,-0.211122024395,0.19027452682,11.7488096962,0.0802323860894,0.0530190911701,0.0,-0.478989218577,0.514268718531,2.81316917679,0.0186832593878,-0.0281563209999,0.0,462.6338789062719,462.81166757261974,462.0166070195245,461.7950850648014
1.2800000000000007,-0.220829189309,0.200751174741,11.8054945898,0.0828829757019,0.0526745118299,0.0,-0.491727272759,0.533396073547,2.85532018865,0.0282266852395,-0.0251996534182,0.0,452.6715561576302,453.38457245892283,453.31707697703666,455.611812515264
1.3000000000000007,-0.230790777636,0.211617379334,11.8630305792,0.0838121319976,0.0550933555081,0.0,-0.504431559969,0.553224385703,2.89827875432,0.032045703914,-0.0360123066479,0.0,455.9119464284609,453.312698804535,454.460865895331,455.37845834587597
1.3200000000000007,-0.241033567037,0.222914643743,11.9218101363,0.0852392423009,0.0558390073606,0.0,-0.519847380122,0.576502055205,2.97967694701,0.0376535420896,-0.0283548972022,0.0,488.16469608127255,489.875411497237,488.5335091670741,489.78658142647447
1.3400000000000007,-0.251554446669,0.234632137723,11.9816409265,0.0867424643633,0.0556447274689,0.0,-0.5322405831,0.595247342839,3.00340208141,0.0431313198165,-0.0322165965808,0.0,438.307318717892,437.3432007224692,436.5703646299999,437.94010876796864
1.3600000000000008,-0.262328158791,0.246736146538,12.0420418295,0.087761646336,0.0550102214624,0.0,-0.545130629105,0.615153538689,3.03668821477,0.0456337632329,-0.0328435232151,0.0,446.3925207913305,446.23863640857303,446.88733468244067,447.4998799727984
1.3800000000000008,-0.27337668753,0.259269925501,12.1034418191,0.0891546288567,0.0574694173109,0.0,-0.559722244734,0.638224357546,3.10331074858,0.0412505805719,-0.021679175831,0.0,474.98531650120964,477.54667077485266,478.4996614774467,477.4986311000152
1.4000000000000008,-0.284699518402,0.272231523347,12.165757592,0.0899965060459,0.0572872178232,0.0,-0.572560842462,0.657935427096,3.12826653973,0.0420719350089,-0.0248501947774,0.0,439.46782565949167,438.6785627874022,439.9684219698887,440.17330788044774
1.4200000000000008,-0.296308641474,0.285635989782,12.2290913095,0.0918843675745,0.0569070119221,0.0,-0.588351464812,0.682511216365,3.20510520819,0.0356022431199,-0.0270116571936,0.0,487.2477126642605,486.76265825184487,486.92184317976626,485.4684582928784
1.4400000000000008,-0.30819314308,0.299473575748,12.2932720706,0.0937969205519,0.0567055511752,0.0,-0.600098695746,0.701247380246,3.21297090156,0.0286725732432,-0.0306928113443,0.0,424.3936305486681,423.4444387834876,424.3991786354346,422.61162095873897
1.4600000000000009,-0.320319306153,0.3137014403,12.3577340933,0.0947747654118,0.0585724075677,0.0,-0.612517611561,0.721539074923,3.23323136915,0.0246506662575,-0.0207314607946,0.0,433.58692025201964,436.09007562886154,437.4194664647765,436.41373298885907
1.4800000000000009,-0.332724530202,0.32838011461,12.4230525754,0.0971826219574,0.0582246805323,0.0,-0.628004793367,0.746328356082,3.2986168395,0.0334024505794,-0.0190955857319,0.0,477.20897755362984,477.58349575577887,476.4291506420712,478.4324407476621
1.5000000000000009,-0.345412193584,0.343516828488,12.4892267858,0.0984659135022,0.0578427892064,0.0,-0.640761544797,0.767343031766,3.31880419696,0.0383632671785,-0.019067027954,0.0,436.97115487268894,436.97833708952606,435.3551118614309,436.5990839190665
1.520000000000001,-0.358393518287,0.3591432896,12.5564800164,0.100435624193,0.0574829951101,0.0,-0.657370925469,0.795303079412,3.40651886857,0.0452985259256,-0.0199953913052,0.0,497.15307657163925,496.94905620238205,496.55922053851293,498.0837214398527
1.540000000000001,-0.371675142006,0.375280637934,12.6249525663,0.101352531471,0.0595339949764,0.0,-0.670791446499,0.818431753979,3.44073611758,0.0459599413633,-0.0100940627229,0.0,449.1853563277076,451.5879095549652,450.5433396525328,450.70490378035873
1.560000000000001,-0.385249661795,0.391916051175,12.6944381205,0.102356936404,0.0594736165866,0.0,-0.686660532369,0.845109570088,3.50781930611,0.0478060844345,-0.0124731622559,0.0,481.23356119571537,480.69312142461513,479.5428990993789,479.9645028134817
1.580000000000001,-0.399121927459,0.409054090034,12.7649388724,0.103381323483,0.0592419720967,0.0,-0.700566034039,0.868694315835,3.54225588285,0.0494585418726,-0.0133174076045,0.0,452.3003884536436,452.09647935158677,450.5567389527674,450.95872569101834
1.600000000000001,-0.413284375065,0.426687962717,12.836338699,0.10654732181,0.0589761051975,0.0,-0.715678726539,0.89469295248,3.59772677623,0.0587898386519,-0.0134561523949,0.0,469.9642104453522,469.93207355949903,470.6583512877263,472.8214313394019
1.620000000000001,-0.427755258032,0.444861985515,12.9089616406,0.111087598316,0.0588527574445,0.0,-0.73140957019,0.922709327368,3.66456738903,0.0471890115555,-0.0110414035895,0.0,481.6964055905602,482.2440691690174,481.9477146539754,479.3120779248849
1.640000000000001,-0.442528304798,0.463585342068,12.9827146546,0.112032301502,0.0586539760554,0.0,-0.745895106405,0.949626327927,3.71073400893,0.0473811526655,-0.0101023256858,0.0,464.61613624022004,464.83710143418733,462.32650295920917,462.3731619762047
1.660000000000001,-0.457542735636,0.48275805316,13.0565801926,0.112997068075,0.058456175778,0.0,-0.755547977402,0.967644781233,3.67581979022,0.048209247339,-0.0105144536413,0.0,382.6473845033135,382.52976100502815,384.6536063052466,384.8905537677622
1.680000000000001,-0.472804549274,0.50239777909,13.1306741138,0.114371270683,0.0582920912601,0.0,-0.770633386387,0.996327811749,3.73357232682,0.0522590259078,-0.00915497499184,0.0,473.1394885317125,473.4535276709784,474.362181904054,475.29552428683934
1.700000000000001,-0.488361678081,0.522602777599,13.2058200248,0.115458183483,0.0586763247164,0.0,-0.785079494337,1.02417203915,3.78101877734,0.0535510364618,-0.00439122455267,0.0,464.67773491457046,465.7968863504376,465.22587847996533,465.53092163751796
1.720000000000001,-0.50419789805,0.543345985428,13.2817315059,0.116653376195,0.0591868050407,0.0,-0.798542502561,1.05014874377,3.81012932787,0.0513223868036,0.000500829475202,0.0,449.040600838914,450.22973625433,448.3867648571908,447.84510134378735
1.740000000000001,-0.520300902269,0.564604086261,13.3581631159,0.117867960492,0.0607449158617,0.0,-0.811757919284,1.07566133958,3.83303166921,0.0485791291679,-0.00736833625311,0.0,444.2469770096013,442.3068546128858,443.6903289855051,443.0157997471374
1.7600000000000011,-0.536696297602,0.586422577317,13.4354542291,0.119509860874,0.0610419067117,0.0,-0.827781614005,1.10618776601,3.89607965534,0.0537572284257,-0.00315237811732,0.0,479.31042726105994,480.2708505624307,479.7062840505385,480.88576149024584
1.7800000000000011,-0.553422843256,0.608874961941,13.514165701,0.121890139061,0.0629252632962,0.0,-0.844872951427,1.13905069638,3.97506753365,0.0465319018063,0.00567123598779,0.0,493.4726450373816,495.42295699476483,494.91045394824,493.31397593913476
1.8000000000000012,-0.570485059192,0.631969043081,13.5942762756,0.123022072343,0.0630386883053,0.0,-0.861348642222,1.17035741759,4.03598993128,0.0493694729238,0.0056746375991,0.0,480.0811172167034,480.08179152209055,478.363724898071,479.0126735765676
1.8200000000000012,-0.587871871956,0.655681801838,13.6755220124,0.124040355151,0.0637900467909,0.0,-0.87733263412,1.20091845815,4.08858374781,0.0482578372131,0.0107258383818,0.0,471.63892900794053,472.8078438980019,472.986054202984,472.730486667317
1.8400000000000012,-0.605540685229,0.679931455739,13.7572038301,0.12815906048,0.0642934160655,0.0,-0.889548693161,1.22404693188,4.07959802202,0.0370265441703,0.014124970665,0.0,414.3904746593437,415.28588722581844,416.1078928520666,413.14902887096775
1.8600000000000012,-0.623471227921,0.704683898968,13.83895758,0.129977859627,0.0654102059647,0.0,-0.903505576027,1.25119739103,4.09577696444,0.0304591451018,0.0199017880789,0.0,439.66481250473527,441.0983488277718,439.5843608649729,437.94916986366195
1.8800000000000012,-0.641684704175,0.729985778707,13.9210548717,0.130700628717,0.0669756294848,0.0,-0.917842049388,1.27899058291,4.11395220266,0.0283276086766,0.0130683767534,0.0,442.1511423482772,440.4587972366883,442.3925685005022,441.8659805009053
1.9000000000000012,-0.660180896705,0.755830459602,14.0034054089,0.131896455245,0.0676658330077,0.0,-0.93177720367,1.30547750652,4.12110152154,0.0333446769632,0.00892670565201,0.0,432.23052211185933,431.1818964576976,430.316805423716,431.58939939510316
1.9200000000000013,-0.678955079592,0.782202920508,14.0858665527,0.133916864371,0.0695107379636,0.0,-0.945641085031,1.33176858412,4.12501285524,0.0407027081853,0.000762464492299,0.0,429.33114150742955,427.24765424131033,427.38112123765876,429.259109346097
1.9400000000000013,-0.698001996016,0.809089182636,14.168287028,0.136069269458,0.0695264295195,0.0,-0.959050557372,1.35685762866,4.11703468093,0.0333860124213,0.000895470666443,0.0,416.3920743223651,416.4269665881212,417.8193326573923,415.9020203272045
1.9600000000000013,-0.717320658489,0.836487874387,14.2505964511,0.137590844883,0.0695587317495,0.0,-0.972815689918,1.38301154649,4.11390762421,0.0275418523372,0.000136713347493,0.0,421.7406142862805,421.5439194464333,422.20382638117803,420.68878478408175
1.9800000000000013,-0.736929904402,0.86444223898,14.3330581533,0.138332111304,0.0721614272658,0.0,-0.988108901338,1.41242491276,4.13226260014,0.0247819293405,-0.010061249683,0.0,443.9673123715251,441.44975159835354,442.6960201999533,442.01432812032317
2.0000000000000013,-0.756833247271,0.892953009462,14.4156477103,0.142621930306,0.0740306625416,0.0,-1.0022253856,1.43865213547,4.12669309663,0.0371013131156,-0.000960787563996,0.0,417.50253009657024,419.8781871870601,418.5602151528662,421.76486682807723
2.0200000000000014,-0.777054510449,0.922057647357,14.4985510044,0.143455920487,0.0769213482343,0.0,-1.0199009322,1.47181165404,4.16363631731,0.0351833567165,-0.0117494880306,0.0,461.2128598555609,458.64924477224787,460.92908821120704,460.4746890662687
2.0400000000000014,-0.797617760461,0.951793141585,14.5819568627,0.148810180356,0.077269250832,0.0,-1.036424069,1.50173776875,4.17694950898,0.0215443058184,-0.00692085527024,0.0,438.0450373844586,439.24824472305284,440.22716924780224,436.82854089197133
2.0600000000000014,-0.818522204003,0.982157309909,14.6657539081,0.149243223921,0.0775831481177,0.0,-1.05402028523,1.53467906364,4.20275502829,0.0218380709188,-0.00266731843082,0.0,450.657419580608,451.68789637109603,450.37189327103385,450.44317297686706
2.0800000000000014,-0.839768549345,1.01316036209,14.7499293302,0.149691147297,0.0775584753477,0.0,-1.07061424889,1.56562615477,4.21478718605,0.0225062612475,-0.00159636374222,0.0,438.168539986858,438.43564074414286,437.6035229969051,437.7703924709987
2.1000000000000014,-0.861377351869,1.04484165981,14.8347337519,0.151991448606,0.0794359647858,0.0,-1.09026600358,1.6025036168,4.26565498376,0.0311089958914,-0.010335738349,0.0,475.40364391878313,473.3903345095131,472.7629734364594,474.74751855156836
2.1200000000000014,-0.883367499594,1.0772347416,14.9203503966,0.152767883548,0.0798144765008,0.0,-1.10874876889,1.63680456247,4.29600948737,0.0335929848185,-0.0151740292949,0.0,456.545712656176,455.3861403396592,455.83144097385286,456.4269259031334
2.1400000000000015,-0.905704732082,1.11027060421,15.0062830677,0.154815428445,0.0798256302865,0.0,-1.12497447993,1.66678169791,4.29725762177,0.0261749387126,-0.0187216164844,0.0,428.23349257316926,427.3272109167249,430.386804104689,428.499398426564
2.1600000000000015,-0.928364804126,1.14390640145,15.0922178446,0.157874084789,0.0820911851981,0.0,-1.14103272448,1.6967980266,4.29622006561,0.0362450083631,-0.00844545525316,0.0,425.2857429675048,427.9184972206964,425.0916503553453,427.67306688580413
2.1800000000000015,-0.951357362647,1.17816131323,15.1782123827,0.159293902993,0.0823821114043,0.0,-1.15822312762,1.72869315157,4.30323374312,0.0415172679799,-0.0127342094369,0.0,435.49186733956543,434.41432319374945,433.593238830187,434.9207819517471
2.2000000000000015,-0.974714555396,1.21309544997,15.2645873724,0.16019591036,0.0821594203382,0.0,-1.1774961473,1.76472052191,4.33426523309,0.043210336296,-0.0138654587053,0.0,457.95447489003453,457.6845457881852,457.0492165106002,457.45475657255867
2.2200000000000015,-0.99842480625,1.24868993333,15.3511989621,0.161085155435,0.0819367142725,0.0,-1.19352893808,1.79472781411,4.32689373267,0.0442111029693,-0.0123875803823,0.0,420.6521721158732,421.03608510673394,420.88530532566017,421.14625150085203
2.2400000000000015,-1.02247630155,1.28492679309,15.437914011,0.162460539757,0.0817944172824,0.0,-1.2116205918,1.82895816171,4.34461115859,0.0397786667839,-0.0103337584083,0.0,445.68870413311794,446.1921856262208,445.4703959402625,444.38270541682346
2.2600000000000016,-1.04691229823,1.32189605599,15.5252580916,0.172239997624,0.0816855356405,0.0,-1.23197907647,1.86796812893,4.38979690417,0.0208219956303,-0.0123115705961,0.0,471.5706014804987,471.11213183810725,472.9246652422741,468.5240697497101
2.2800000000000016,-1.07174391654,1.35964537787,15.6133647467,0.174087274016,0.0817587447179,0.0,-1.25118275486,1.90696405873,4.42086860553,0.0132567157827,-0.0158861502319,0.0,458.4314558671835,457.5785892402398,461.00899600356354,459.21194602936805
2.3000000000000016,-1.09693623335,1.39812855254,15.701807707,0.174402326134,0.0836578093016,0.0,-1.26804892582,1.94135340879,4.42342742289,0.0146697664167,-0.00646959547263,0.0,431.35759991675604,433.7370376533798,432.0238176317265,432.3810362416624
2.3200000000000016,-1.1224669513,1.43729395464,15.7902684986,0.175494281566,0.0839002781211,0.0,-1.28502286858,1.9751868007,4.42265173091,0.0090180052597,-0.0103263336228,0.0,430.27476016905206,429.2940863337277,429.4133603345187,427.97234400439544
2.3400000000000016,-1.14834307531,1.47714891613,15.878775768,0.181798315143,0.0837098227228,0.0,-1.30258953276,2.010309348,4.42807521068,-0.00663277551455,-0.0111281134974,0.0,435.49984270492905,435.29870072271103,437.4131740556855,433.4848113818493
2.3600000000000017,-1.17460168322,1.51778666634,15.9677574042,0.181677332186,0.0850186476069,0.0,-1.32327125805,2.05346567379,4.47008841377,-0.00731607788838,-0.00330152508607,0.0,468.98608959492867,470.8065944609534,470.3934859232111,470.23480871064186
2.3800000000000017,-1.20126550361,1.5592620818,16.0574444345,0.182215913693,0.0851007299188,0.0,-1.34311078132,2.09407587145,4.49861461772,-0.00208194733984,-0.0057355572434,0.0,458.5825632623347,458.0021609343606,457.53800111276934,458.7867053297298
2.4000000000000017,-1.22831520509,1.60152669767,16.1475723244,0.18270076439,0.0851267126382,0.0,-1.36185936711,2.13238571558,4.51417436466,-0.00667101976979,-0.00336326835489,0.0,446.0634724061906,446.6444521771611,447.02424669195125,445.9008785704302
2.4200000000000017,-1.25574094662,1.64456002879,16.2380213287,0.182588967399,0.0853090717957,0.0,-1.38071478563,2.17094739653,4.53072607247,-0.00574100032565,-0.000203366301659,0.0,447.73279105473614,448.5035488646616,446.9315763130313,447.15905771085716
2.4400000000000017,-1.28355679821,1.68839042036,16.3289448478,0.183632398371,0.0853120518493,0.0,-1.40087037355,2.21209176072,4.56162583158,-0.0125476176306,0.000327571723212,0.0,460.20078179620344,460.32686280427043,462.9380109712347,461.32835459866493
2.4600000000000017,-1.31177580577,1.7330454852,16.4204847376,0.18357597646,0.0854595477755,0.0,-1.42103038202,2.25341472367,4.59236315105,-0.0153371010352,-0.00204682918393,0.0,461.1271027837917,460.5639815947454,462.3714212643028,461.71170730226964
2.4800000000000018,-1.34034924421,1.77842149875,16.512074174,0.184502253697,0.0854216460578,0.0,-1.43631346245,2.28418663049,4.56658048739,-0.00831422624548,-0.00239524651861,0.0,407.3599840306614,407.26653207923664,404.75999899536106,406.6520739514094
2.5000000000000018,-1.36927107271,1.82450550832,16.6036372505,0.184674193539,0.0857422723999,0.0,-1.45586938707,2.32421432692,4.5897271606,-0.0119924016985,0.00144418715045,0.0,454.10066946860604,455.0238724015179,455.13776612292116,454.2537663610389
2.520000000000002,-1.39856978871,1.87135777463,16.6954906718,0.184766757113,0.0866021011667,0.0,-1.47400221296,2.36101230413,4.59561497753,-0.0156388334226,0.00720941055913,0.0,437.4652188229304,438.90320912490114,439.3048523550011,438.39682476599853
2.540000000000002,-1.42823761589,1.91895538289,16.787513493,0.185122780101,0.0873138253459,0.0,-1.49278050525,2.39874852206,4.60666713625,-0.0104666011908,0.0119740132415,0.0,443.75015069970283,444.9220171831585,442.30969538798104,443.5860266268864
2.560000000000002,-1.45831732018,1.96738092062,16.8801466288,0.186654050281,0.0877671670599,0.0,-1.51518992353,2.44380525111,4.65664644312,-0.0188107061848,0.0148988137416,0.0,478.9171503202657,479.58401923389334,481.0252885693555,479.12581244727346
2.580000000000002,-1.48880075536,2.01661452413,16.9732679126,0.186505395356,0.0881954913272,0.0,-1.53315359486,2.47955509994,4.65548193717,-0.0157936930965,0.0171822146482,0.0,432.5863017961794,433.16274457907855,432.05872912802135,432.82131019942756
2.600000000000002,-1.5196525726,2.06657933255,17.0664561161,0.189620802736,0.088608180671,0.0,-1.55202812877,2.51692574174,4.66333841137,-0.0275091209438,0.01884408168,0.0,442.09539855115077,442.50598513188646,442.1322451085432,439.22668725598
2.620000000000002,-1.55089459661,2.11732247069,17.1599297257,0.189326882915,0.089225986133,0.0,-1.57217427237,2.55738807169,4.68402254898,-0.0307107617634,0.015739737444,0.0,454.6873033492196,453.94041885983125,454.0565718004972,453.28508007918754
2.640000000000002,-1.58250615796,2.16880026085,17.2534340631,0.188712969427,0.0895408547173,0.0,-1.58898186233,2.59039094495,4.66641119414,-0.0308206248298,0.015685392089,0.0,416.86255203196436,416.8482235485178,416.9161794719005,416.8869936475025
2.660000000000002,-1.61450545588,2.22104268253,17.3471427426,0.188604701883,0.0898979941247,0.0,-1.61094792938,2.63385122249,4.70445675646,-0.0263122106846,0.0143673395007,0.0,470.34655741385626,470.0400679571019,469.50951985969834,470.55757970718565
2.680000000000002,-1.64690773236,2.2740758004,17.4412053189,0.188531438738,0.0907452512452,0.0,-1.62927971908,2.6694605647,4.70180087827,-0.0220555403048,0.00963485461203,0.0,433.0959912230717,431.8999212681262,431.36186938167623,432.43891440452995
2.700000000000002,-1.67971982202,2.32790559429,17.5356613373,0.188154614412,0.093190054501,0.0,-1.6519292471,2.7135188248,4.74380096054,-0.0204519632948,0.000143582487611,0.0,475.67170983997255,473.48574958874894,473.5600085357133,473.9299768947265
2.720000000000002,-1.71294637391,2.38252590124,17.6304893057,0.187820130536,0.0931944721544,0.0,-1.6707259421,2.74851187018,4.73899587775,-0.0221788725501,0.000392259282228,0.0,430.5006409707553,430.5637690774109,431.09499972261875,430.6569461349303
2.740000000000002,-1.74655790518,2.43786249966,17.7253143145,0.188267175591,0.0932177774791,0.0,-1.69042718415,2.78514797157,4.7435049995,-0.0162102127146,-0.000394128383714,0.0,438.82775337390865,438.63183604673065,440.1528379470871,441.6324553369632
2.760000000000002,-1.78057778118,2.49396036003,17.8203773244,0.188095861277,0.0957994797185,0.0,-1.71156041604,2.82463806586,4.76279599632,-0.0137372392772,0.00978346427278,0.0,453.4910200399263,455.9373580730638,453.028055547577,453.62438761110775
2.780000000000002,-1.81501488214,2.55082526253,17.9157118339,0.188140158866,0.0959992995136,0.0,-1.73214968049,2.8618521835,4.77065494703,-0.0101648878105,0.0101909202689,0.0,444.1894852377072,444.28960917951,442.36028050820136,443.2421711445259
2.800000000000002,-1.84983663531,2.60838005403,18.0109205319,0.188354017102,0.0962071493444,0.0,-1.75002563586,2.89362696667,4.75021485662,-0.00608000841563,0.0105924884616,0.0,416.1695874836325,416.2749229527207,414.5747460593412,415.65042933007385
2.820000000000002,-1.88504935473,2.66663391448,18.106055067,0.18943330151,0.0967938533308,0.0,-1.77124630618,2.93175907819,4.763238654,0.000850747897142,0.00672025800781,0.0,448.7657581692917,447.82154930760834,447.85661039034443,449.5449562384007
2.840000000000002,-1.92069339541,2.72566276955,18.2015050792,0.191088572909,0.0969343024054,0.0,-1.79315776246,2.97112642948,4.78176256701,-0.00724432823725,0.00721194549025,0.0,453.66952315969485,453.78785558555705,455.17851721659906,453.23053981684393
2.860000000000002,-1.95672682871,2.78538565711,18.2968266772,0.190943708181,0.0970808563071,0.0,-1.81018556688,3.00116232612,4.75039722883,-0.0072147735544,0.0075162474377,0.0,404.90732774803774,404.9893575251163,404.8382358461705,404.84632181985916
2.880000000000002,-1.99319869736,2.84589821454,18.3925032433,0.192100209716,0.0979199414235,0.0,-1.83700129867,3.05009341681,4.81725938094,-0.0144280862633,0.012765095569,0.0,497.2455611404153,498.39779845658643,497.64402724733714,496.05740308036025
2.900000000000002,-2.03012005956,2.90721842354,18.4886246526,0.193022613847,0.0986018237802,0.0,-1.85513492141,3.08192748344,4.79488154628,-0.0213878732043,0.0086343307717,0.0,415.4463112390141,414.35799567234545,415.77221106903704,413.9386130915569
2.920000000000002,-2.06736717393,2.96910203412,18.5839180976,0.192658189597,0.0988329060095,0.0,-1.86957651498,3.10643357461,4.7344629606,-0.0229795165577,0.0101626712304,0.0,372.9559044374845,373.4034585501805,374.445366036028,373.98035849807803
2.940000000000002,-2.10500887497,3.03167772242,18.6790448069,0.192208078218,0.0996213920502,0.0,-1.89459358974,3.15113525521,4.77820796316,-0.0223637584297,0.0150009875328,0.0,477.3748868512199,478.48121256476725,476.7420577073342,476.88320139620106
2.960000000000002,-2.1431512134,3.09514212537,18.7750286964,0.191948621819,0.101365256824,0.0,-1.91964025276,3.19530503928,4.82018098965,-0.0251046981969,0.00740139537877,0.0,476.95198393200235,475.2071818021945,476.78646097458983,476.1577388159397
2.980000000000002,-2.18176612602,3.15942715478,18.8715361689,0.192450823854,0.101777006455,0.0,-1.94185100953,3.2331979023,4.83056625825,-0.0187665722955,0.00415349313954,0.0,447.5538817344975,446.7598799763389,447.4538010998697,448.99924025873474
3.000000000000002,-2.22081903644,3.22445673676,18.9681809758,0.192797098067,0.103075342732,0.0,-1.96344003207,3.26976029597,4.83391442939,-0.0133940285447,-0.00281864115122,0.0,442.6246681930025,440.89956234573197,439.9295488198744,441.2623794681782
3.0200000000000022,-2.26026865032,3.29014737599,19.0645330944,0.193050136633,0.103030009576,0.0,-1.98152135652,3.29930362669,4.80129743081,-0.0179587591479,-0.00348316102442,0.0,405.2341714928499,405.05494811678125,405.7861832549529,404.5548481155746
3.0400000000000023,-2.30017327706,3.35660153286,19.1611175354,0.192835877359,0.106520226722,0.0,-2.00894131685,3.34611206012,4.85714667207,-0.0155511386748,0.00844978558045,0.0,488.5453621350836,491.20777454858063,488.261965446576,488.80070475509905
3.0600000000000023,-2.34065420118,3.42402432114,19.2589920724,0.193669785905,0.110309030307,0.0,-2.03915109537,3.39616676842,4.93030702839,-0.0223185054284,0.0204827534166,0.0,503.2811056095571,505.8873682273052,505.66054733964245,504.19583680155125
3.0800000000000023,-2.3816948267,3.49235424548,19.3578422651,0.193333630376,0.113957902098,0.0,-2.06491145701,3.43682566497,4.95471224177,-0.0244181680665,0.0318655768313,0.0,461.72346514380155,464.4101444259344,462.72839964039906,462.2321800277723
3.1000000000000023,-2.42321152568,3.5614161773,19.4567740579,0.193138369558,0.114701092228,0.0,-2.08675844018,3.46936751727,4.93846703495,-0.0209941205,0.0339235233153,0.0,423.07235874050093,423.60412752379796,424.494229458036,425.3748595740848
3.1200000000000023,-2.46519489877,3.6311746566,19.5556206641,0.198583703354,0.116163595907,0.0,-2.11157886946,3.50648041241,4.94619358547,-0.0363110604106,0.028323404699,0.0,448.2574674547656,446.89034022134166,449.3534726849288,445.612226957161
3.1400000000000023,-2.50773361829,3.70178054652,19.6550876704,0.198279701257,0.117769904411,0.0,-2.14229308246,3.5541085802,5.00050704834,-0.0404206546059,0.0347727160122,0.0,489.0264896593686,490.46592387260847,491.7254031932416,490.8106455629973
3.1600000000000024,-2.55087659826,3.77331349918,19.7555222359,0.198486895564,0.121184085122,0.0,-2.17200491476,3.59918668566,5.04294949723,-0.0467943737684,0.04520099754,0.0,479.70603852817885,482.07661761360805,481.3049630144856,479.85467756521535
3.1800000000000024,-2.59455828532,3.84564412528,19.8562905721,0.19757492627,0.122279918641,0.0,-2.19616379063,3.63387592369,5.0338841322,-0.0477724981392,0.0424310620331,0.0,434.9132383038055,434.21776994213394,432.0945306010011,431.8456584213661
3.2000000000000024,-2.63874453337,3.91869628934,19.9570298796,0.19700806021,0.123683667207,0.0,-2.22246101474,3.67134048307,5.04004660857,-0.0517150044634,0.0471432900668,0.0,446.8701383878079,448.0222021706717,449.07694030277156,448.11497939266746
3.2200000000000024,-2.68345810601,3.99249291149,20.0578788064,0.196966850442,0.125544717141,0.0,-2.24889624943,3.70832173148,5.04484608052,-0.0454123373439,0.0410829794088,0.0,446.7458325388316,445.26195995141904,447.0323557781494,448.56904749084737
3.2400000000000024,-2.72867151997,4.06697720751,20.1585681246,0.196297027527,0.126695725761,0.0,-2.27244514661,3.74010787062,5.02408573785,-0.0485005331421,0.0374533842104,0.0,423.09739677611475,422.1596584870025,421.73271547009654,420.93023550009156
3.2600000000000025,-2.77441994281,4.14218958422,20.2593176103,0.197739309796,0.127600812601,0.0,-2.30239713727,3.78112980071,5.05086282843,-0.0583235529057,0.0349552316487,0.0,467.79246065625443,467.20898630535135,468.74042507763426,466.44297064257495
3.2800000000000025,-2.82078086509,4.21824197001,20.3606869925,0.203935387557,0.129156428953,0.0,-2.33369509036,3.82410877771,5.08607539689,-0.0754846121032,0.0291019873567,0.0,477.4070133955201,476.06549266932035,476.6480582157768,472.6943598627699
3.3000000000000025,-2.86771227704,4.29507566001,20.4623100929,0.204518349648,0.129764797491,0.0,-2.35944610478,3.8592602223,5.07623463882,-0.0663355043157,0.0280757555855,0.0,434.0439523796666,433.7857119098017,433.54117853578737,435.83712915248094
3.3200000000000025,-2.91515248413,4.37260066079,20.5636784454,0.203684060714,0.130590255223,0.0,-2.38457460437,3.89323985626,5.06060061556,-0.0707736172137,0.0313250177796,0.0,428.6815969180872,429.5095253998783,428.69555788749904,427.5590165231525
3.3400000000000025,-2.9631018914,4.45081009491,20.6647702143,0.202428301754,0.131271512617,0.0,-2.41036612235,3.92770355535,5.04857627367,-0.0682460620012,0.0298450577942,0.0,432.85306828541667,432.47955868203934,431.23796158931054,431.8741413888865
3.3600000000000025,-3.01164232929,4.52981743732,20.7661679672,0.201908929784,0.132001810414,0.0,-2.44367766661,3.97303068607,5.09119900976,-0.0740617279814,0.0321550070633,0.0,483.0751230628748,483.59768253063885,483.67207496888796,482.3529667520629
3.3800000000000026,-3.06073484843,4.60955346331,20.8675605602,0.200429382377,0.132696761353,0.0,-2.46557424735,4.00057191219,5.04806029666,-0.0738019470397,0.0307148570975,0.0,400.13174297920216,399.7386352671267,401.316353524442,401.38218172866755
3.4000000000000026,-3.11034323851,4.68995100839,20.9686525827,0.20181303155,0.133512935528,0.0,-2.49526476099,4.03918259644,5.06114194867,-0.0844971573947,0.0335565258527,0.0,456.12886778119184,456.80959417762665,457.5375764605063,454.97130918643916
3.4200000000000026,-3.16052079358,4.77108304908,21.0698107861,0.200324274332,0.136260194614,0.0,-2.52249074556,4.07402147263,5.05467839333,-0.0873339579178,0.0244436150796,0.0,438.422784606935,436.1453831857848,439.13040786165305,438.41777926965756
3.4400000000000026,-3.21133381987,4.85303180423,21.1714507387,0.198639154139,0.137267109674,0.0,-2.55881188336,4.12085404158,5.10931686788,-0.088903148343,0.0289957256142,0.0,493.02531964825613,494.03346426355,495.12148892454917,494.7695018311002
3.4600000000000026,-3.26280003592,4.93580293859,21.2736437186,0.197080021505,0.138225656926,0.0,-2.58780972206,4.15625939446,5.10998111722,-0.0859438894302,0.032887423135,0.0,445.63334467276775,446.58710574966256,444.85412587321593,445.57408008498265
3.4800000000000026,-3.31486598277,5.01930250971,21.375973856,0.195486361581,0.139800954563,0.0,-2.61878496297,4.19369771835,5.12303262448,-0.0837058736576,0.0268292083013,0.0,458.09028639046153,456.64286287305686,457.2891653706551,457.817940316271
3.5000000000000027,-3.36753696424,5.10352121195,21.4784390415,0.193846232655,0.140415230842,0.0,-2.64831318388,4.22817250565,5.123485927,-0.0848718676121,0.0250663457008,0.0,445.5139783526674,445.0814211032499,446.30767797603266,446.01633448362816
3.5200000000000027,-3.42079518198,5.18841818043,21.5808794461,0.192149590907,0.14163289307,0.0,-2.67750859038,4.26152434166,5.12055453367,-0.0850502608613,0.0304192339441,0.0,441.9548224825759,443.2768237663736,442.3962636706043,442.3462396508983
3.5400000000000027,-3.47464393631,5.27398282251,21.6832884045,0.190455947324,0.142241466226,0.0,-2.70736684246,4.29493986617,5.12034130644,-0.0855929075076,0.030332406112,0.0,444.78377902157206,444.7627417855899,445.55039373835535,445.4113301485066
3.5600000000000027,-3.5290653144,5.36017659248,21.7855142055,0.189052322668,0.142974014499,0.0,-2.73477096696,4.3244371312,5.1022387945,-0.0820815915493,0.0280883013782,0.0,428.0227648038594,427.4496329870106,427.0117067288996,427.9032448624421
3.5800000000000027,-3.58406994573,5.44700023111,21.8876064445,0.188616930507,0.143642777376,0.0,-2.7656921659,4.3579267323,5.10698510453,-0.0890277837996,0.0260195157534,0.0,450.45122515590845,449.94914395868,450.0806754290995,448.3852044227952
3.6000000000000028,-3.63976100266,5.53457756492,21.9902433702,0.188325552076,0.147643247228,0.0,-2.80341352724,4.39980664815,5.15670746761,-0.0967457556719,0.0142210759631,0.0,492.2960852436284,489.6696462366484,491.4658366901409,489.740589423188
3.6200000000000028,-3.69621709452,5.62299120372,22.093877227,0.186393791974,0.149357170276,0.0,-2.84219565826,4.44155723158,5.2066782072,-0.0963905086248,0.00665932608963,0.0,492.73116380028887,491.0507794312088,491.7080800024842,491.78003299532554
3.640000000000003,-3.75339151085,5.71215739383,22.198106341,0.184545030214,0.150479510794,0.0,-2.87524597476,4.47506177955,5.2162331981,-0.0981686921078,0.0129494898258,0.0,454.82108103359906,456.33013759691585,456.46605339707435,456.0323894879001
3.660000000000003,-3.81118155284,5.80193025672,22.3022148947,0.184350963997,0.153642079967,0.0,-2.90375822399,4.50222450939,5.19462217251,-0.0897560643984,0.0237264641261,0.0,424.0336900802636,426.80261727101936,425.112315536333,427.26124090253484
3.680000000000003,-3.86952455013,5.89221759124,22.4057441454,0.182879471934,0.154172107815,0.0,-2.93054150525,4.52650894273,5.15830289111,-0.0861581248487,0.0252164113073,0.0,410.44005945978006,410.83678339135025,410.3687159554287,411.3185296671328
3.700000000000003,-3.92846909392,5.98306251126,22.5089556174,0.181994264885,0.155322383291,0.0,-2.96391287429,4.55798305961,5.16284430917,-0.0919476168774,0.0201333128432,0.0,451.3269983789625,450.0943668420954,451.87193245062105,450.4633177653809
3.720000000000003,-3.98813648761,6.07459480192,22.6125886215,0.180977395753,0.159770948755,0.0,-3.00282649377,4.59524600669,5.20045609956,-0.0862132182006,0.00741183618811,0.0,483.24370212797544,480.35764442521105,480.4734685993674,481.7698038073506
3.740000000000003,-4.04864570456,6.1669276679,22.7172959472,0.179288056463,0.161363814251,0.0,-3.04809520198,4.63804059083,5.27027647343,-0.0873951670106,0.0150134906717,0.0,508.49702313356613,510.1282316036579,510.73452565594704,510.4764463723821
3.760000000000003,-4.11002328101,6.26006481047,22.8231476271,0.178866891147,0.162244235256,0.0,-3.08966244232,4.67567366622,5.31489151839,-0.0801102839669,0.0101962250922,0.0,489.58477013960555,488.50798644982274,488.47758034966984,490.099383555373
3.780000000000003,-4.17213091225,6.35383952651,22.9292666521,0.177463447716,0.16251018869,0.0,-3.1211006818,4.70179793761,5.29701098153,-0.0772906226498,0.0117713940688,0.0,431.1871051178001,431.58611045519046,431.63454866556174,432.3426562331881
3.800000000000003,-4.2349048266,6.44817221269,23.0352472447,0.176109533461,0.170145901411,0.0,-3.15629075392,4.73147068021,5.30104827717,-0.0800611691482,-0.00543358758151,0.0,454.41864378350505,450.261031450756,453.44888623665673,452.77592868711395
3.820000000000003,-4.29839370375,6.54308989398,23.1412836798,0.176025372712,0.172188842607,0.0,-3.19259696105,4.76029744923,5.30259523588,-0.0878510667962,0.00384350883421,0.0,449.67498105257704,451.9244995896815,451.8696429441209,449.97628813859353
3.840000000000003,-4.36261240062,6.63858206286,23.2473460122,0.175441963828,0.172324669839,0.0,-3.22927272507,4.78891943842,5.30363800468,-0.0809994612865,0.00230783888236,0.0,450.74079309827374,450.36816099617516,449.89003350383814,451.5453659354856
3.860000000000003,-4.42752876391,6.73460756092,23.3532213654,0.174169497863,0.172404607277,0.0,-3.26236360403,4.81363036736,5.28389731589,-0.0772710661299,0.00347026153793,0.0,429.82359004965855,430.11905522389344,430.5854012511549,431.52533815943076
3.880000000000003,-4.49315820775,6.83117400471,23.4589875661,0.172855876301,0.173693249678,0.0,-3.30058078028,4.84301401176,5.29272274567,-0.0742260718091,0.0104537768998,0.0,457.02554943399423,458.69266103227744,457.54370693672274,458.26602536306814
3.900000000000003,-4.55944815374,6.9282191866,23.5643292852,0.171394020384,0.174375842568,0.0,-3.32841381902,4.86150417723,5.2414491692,-0.0751782381674,0.00610168613231,0.0,397.21583861061004,396.01623848231435,399.286311325724,399.02056625027325
3.920000000000003,-4.62633356106,7.02566675628,23.6688536245,0.170081070083,0.1745923196,0.0,-3.36012691257,4.88325279063,5.2109847644,-0.077939502098,0.00804532508681,0.0,418.7359635582167,419.24293465954,419.59161406668454,418.8668406525351
3.940000000000003,-4.69398971862,7.12367584188,23.7735256392,0.169329876219,0.174753262272,0.0,-3.405488844,4.91765576953,5.25621670448,-0.0722558547536,0.00808336231237,0.0,490.6084846699116,490.61683461932415,489.0540396431016,490.31845547833007
3.960000000000003,-4.76254151934,7.22235793286,23.8790315951,0.169300708697,0.175156119339,0.0,-3.44969122746,4.95055332906,5.29437888576,-0.0647300336753,0.0111894197494,0.0,484.8443968179461,485.54399269027897,482.9712288157545,484.66786825878796
3.980000000000003,-4.83187416674,7.3215971114,23.9847167021,0.168194714663,0.177970735059,0.0,-3.48357351293,4.97336452478,5.27413181064,-0.0619833510243,0.0213694537872,0.0,428.28163167259976,430.87188352107864,430.85969688505804,431.5527475293377
4.000000000000003,-4.90191295306,7.42131075318,24.0901230148,0.167479081256,0.1790451225,0.0,-3.5203051187,4.99799965351,5.26649945809,-0.066561707119,0.0162822212781,0.0,443.76846200822285,442.51362661291154,442.91031684677284,441.77618474210516
4.020000000000002,-4.97272195699,7.52154490209,24.1955558163,0.166426266618,0.179435220099,0.0,-3.56059527479,5.02541523722,5.2767806957,-0.0632245256431,0.0178878759527,0.0,459.5647791321008,459.9464170178697,459.467994747593,460.25807747488795
4.040000000000002,-5.04434898975,7.62233373323,24.3012523997,0.167365336056,0.180266455437,0.0,-3.60210800038,5.05346787708,5.29287764078,-0.0726129439347,0.0135359668566,0.0,465.70887401687355,464.68624678387124,466.69141926476993,464.4846253849355
4.060000000000001,-5.11684471681,7.72371772871,24.407465038,0.170527139741,0.180540235424,0.0,-3.64746470653,5.08493167083,5.3283861877,-0.0590275656718,0.0138858611176,0.0,482.96439815611257,483.0434465626367,482.20846353404613,485.2745238183011
4.080000000000001,-5.1901635721,7.82565869437,24.5139256736,0.169395492039,0.182673736344,0.0,-3.68442082211,5.10916489481,5.31767737234,-0.0604261880162,0.00527009952128,0.0,442.06087762696006,439.9251954360804,441.8059908643642,441.4573583565483
4.1000000000000005,-5.26425487907,7.92810717093,24.6203254413,0.168710657757,0.18388408719,0.0,-3.72470987529,5.13568276167,5.32229940204,-0.0558493354821,-0.00137805467681,0.0,456.41793061011464,454.8228995496431,455.888871943733,456.98244617786776
4.12,-5.33913569093,8.03106591518,24.7267145438,0.173090147651,0.183863916085,0.0,-3.76337131042,5.16019166253,5.31661084852,-0.0410216902148,-0.00192174534703,0.0,446.8709559644856,446.7379762313333,444.2622180672437,447.89350689777064
4.14,-5.41488129004,8.13460731019,24.8334696124,0.173898115195,0.184597263022,0.0,-3.81118860089,5.19394783903,5.35889600971,-0.0329509991712,0.00363444703239,0.0,491.1032981845379,492.33841004625674,488.9805966522606,490.7806374085978
4.159999999999999,-5.49144113047,8.23869088123,24.9403069141,0.173255171206,0.185070039769,0.0,-3.84479544117,5.21440926466,5.32483415695,-0.0321491015646,-0.000365991973432,0.0,421.03055208202693,419.99057406836556,418.4344864693751,418.6434295661525
4.179999999999999,-5.56883008106,8.34332453056,25.047280466,0.17389137174,0.185065586787,0.0,-3.89409961867,5.24895566888,5.37252103159,-0.0393022339277,-2.73560304345e-05,0.0,495.98629344473255,496.0609232598132,496.67679327222186,495.0998459986682
4.199999999999998,-5.64710411172,8.44855563843,25.154671429,0.173457979425,0.187243941198,0.0,-3.93330344738,5.27415511785,5.36657527185,-0.0355464258178,0.00930838503742,0.0,446.4092915203335,448.6894286515204,447.77690287355955,448.69205089070846
4.219999999999998,-5.72623137638,8.55434733186,25.2622776328,0.173515606547,0.187578259859,0.0,-3.97942301827,5.30501422505,5.39404510962,-0.0300018586093,0.00687403945703,0.0,479.1329172117691,478.57711480555,478.63497781862606,479.89906052240553
4.2399999999999975,-5.80633105479,8.66079932078,25.3706841017,0.173356763731,0.188188167018,0.0,-4.03054482286,5.34018466705,5.44660178141,-0.0342027840114,0.0025269651775,0.0,502.03086996674637,501.0834054232535,501.9854199668836,501.06969505568514
4.259999999999997,-5.8873091041,8.76782057049,25.4793839331,0.172855603211,0.190662553834,0.0,-4.06726010793,5.36194030372,5.42338135874,-0.0314980092642,0.0123734823534,0.0,431.9152248584227,434.40001920653816,431.7608726653418,432.44459389825
4.279999999999997,-5.96920851366,8.87543713856,25.5885484858,0.173841240925,0.190935571585,0.0,-4.12268084815,5.39971650292,5.49307390837,-0.0234591090944,0.0133843849997,0.0,515.9746797467986,516.1886365197395,516.6390350761791,518.3367935856699
4.299999999999996,-6.052146914,8.98374744247,25.6987440599,0.17431806275,0.193625591003,0.0,-4.17115918562,5.43131388818,5.52648350044,-0.0173076734657,0.00354094714869,0.0,487.5328028417239,485.32073465701177,486.36292234198396,487.74344152890853
4.319999999999996,-6.13601828528,9.0926513316,25.8093886917,0.174121106096,0.193703191922,0.0,-4.21597794227,5.45907502486,5.53797968217,-0.0148647505012,0.00302010259868,0.0,467.7728251319624,467.65102974483005,467.5727947205061,468.1436400484725
4.339999999999995,-6.22081143801,9.20213033616,25.9203848091,0.176256697854,0.196923088354,0.0,-4.26333733116,5.48882543125,5.56163205252,-0.00499989010133,0.0142619785627,0.0,477.26639824906664,479.8341248348221,478.57480184158413,480.82278872774174
4.359999999999995,-6.30653958688,9.31219095753,26.0317543925,0.176202934541,0.197209552554,0.0,-4.30947755526,5.51723670602,5.57532629007,-0.00635980905915,0.0144833044369,0.0,470.1940702308659,470.2453964982623,471.87946061487077,471.5644297289064
4.379999999999995,-6.39325745648,9.42287588288,26.143719385,0.178265459778,0.199206315466,0.0,-4.36230940473,5.55125582884,5.62117295991,0.00299908279532,0.00621989878717,0.0,500.87174178958645,499.0650211181247,498.7199088938077,500.76702589417937
4.399999999999994,-6.4808942908,9.53411970023,26.2559013456,0.179117824832,0.199350916246,0.0,-4.40137402754,5.57312590638,5.59702309966,0.00862894388701,0.00711884936996,0.0,435.821689672768,436.0470035072601,436.36174855700887,437.7697486636639
4.419999999999994,-6.56929170361,9.64578209919,26.3674926657,0.179298127454,0.202446573136,0.0,-4.43836725353,5.59311398921,5.56210890835,0.00918477637585,0.0179876669753,0.0,423.5940682560126,426.3895775703495,426.24945717585604,426.3918622295492
4.439999999999993,-6.65846286302,9.75786795366,26.478520408,0.17949508073,0.203852110282,0.0,-4.47874868732,5.6154714583,5.54066532747,0.00845655253621,0.0244553831296,0.0,438.4645903383481,440.07401947399353,438.90629161346277,438.72476377975147
4.459999999999993,-6.74847428064,9.87042546544,26.5892580102,0.180367517895,0.204617863386,0.0,-4.52239307487,5.6402797195,5.53309488941,0.0137605363734,0.027781915506,0.0,452.82488025374016,453.6272540667732,451.11499151873704,452.3982659418137
4.479999999999992,-6.8393553878,9.98347498291,26.6998167466,0.182000721616,0.212287480906,0.0,-4.56571764159,5.664672027,5.52277875372,0.0211307276711,0.0109130338482,0.0,452.4279980297456,448.3339718200038,448.8807612940832,450.6718529259087
4.499999999999992,-6.93111578305,10.0970131768,26.8101602537,0.182484526816,0.213037509997,0.0,-4.61032188253,5.68914736322,5.51157195175,0.0195662386644,0.00630101297301,0.0,450.69084769937007,449.57072209390503,450.0942759540353,449.7141468465849
4.519999999999992,-7.02379515271,10.2110612213,26.9203901257,0.182953799299,0.213948754658,0.0,-4.65761508343,5.71565708452,5.51141524712,0.0178004786586,0.000696641815563,0.0,462.2404636388596,460.9131376208173,459.96329134120674,459.54341394713384
4.539999999999991,-7.11734133133,10.3255707258,27.0302455356,0.183309845931,0.214217109439,0.0,-4.69700277903,5.73529336534,5.4741257473,0.0177619771741,-0.00249348009286,0.0,425.1793258330312,424.3583299880445,424.57986145201926,424.56989463046745
4.559999999999991,-7.21176088013,10.4405428346,27.1397344051,0.185611997997,0.214279412516,0.0,-4.74495210127,5.76191751353,5.47476120109,0.00893721083811,-0.000375248007838,0.0,460.51420518845305,461.0167777822444,463.2157725024612,461.12851203083767
4.57999999999999,-7.30706780723,10.5559895692,27.2489056637,0.186263747129,0.214272042622,0.0,-4.78574060854,5.7827559479,5.44236466295,0.0132869460724,-0.00044875071146,0.0,430.3029796958774,430.2843153565852,428.73399807687133,429.84149744663836
4.59999999999999,-7.40317696791,10.6718405452,27.3573617676,0.186716209878,0.214575936321,0.0,-4.82517545971,5.80234165103,5.40324572606,0.0160198846209,-0.00398636975778,0.0,422.97924573800447,422.0640035454235,422.65275682168425,423.358904345832
4.6199999999999894,-7.50006846373,10.788075984,27.4649986261,0.188629265973,0.214802745195,0.0,-4.86397412218,5.82120222989,5.36044012116,0.0240015095242,-0.000484734316017,0.0,418.8166464664955,419.72968555573664,417.04015648412735,419.12701338109645
4.639999999999989,-7.59783624439,10.9047757329,27.572223132,0.189897024932,0.215695625311,0.0,-4.91280394314,5.84877266306,5.36201047381,0.0183882082914,-0.00649331086003,0.0,462.99090346327665,461.570141135313,462.68160378987244,461.3535852817789
4.659999999999989,-7.6965962068,11.0220393812,27.6795348517,0.190335517728,0.217007276564,0.0,-4.96319229778,5.87759216166,5.3691614952,0.0200702146002,-0.0140867750766,0.0,467.5900830173461,465.8116703006348,468.63206151322606,469.02414852566073
4.679999999999988,-7.79636719635,11.1398786626,27.7869863643,0.191557869618,0.21826115763,0.0,-5.01390665733,5.90633598191,5.37598976029,0.0258006512257,-0.00624938630738,0.0,466.6125199725654,468.44504706264837,467.6375705426973,468.97508582681604
4.699999999999988,-7.89707931067,11.2582283608,27.894233226,0.192789196736,0.2196117278,0.0,-5.05730477482,5.9286338352,5.34869640828,0.0204515799285,-0.0139319845555,0.0,436.1139949939946,434.1841576755026,436.8673338432653,435.5269660865001
4.719999999999987,-7.9986961233,11.3770537237,28.0010797969,0.19325438692,0.219336832091,0.0,-5.10437648879,5.95390246038,5.33596068717,0.0189527992931,-0.0143189720151,0.0,450.65520285715445,450.5614416388472,449.6025938139011,449.2380216950487
4.739999999999987,-8.10123447767,11.4963662117,28.1075794027,0.19363747222,0.224204816314,0.0,-5.14945894778,5.97734634099,5.31399989243,0.0193542623291,-0.0286777514383,0.0,443.2058947815829,439.65027763323275,440.69523672828547,440.7947595226473
4.7599999999999865,-8.20457972237,11.6160592689,28.2131915676,0.195415635482,0.223873562053,0.0,-5.18506552183,5.99195937617,5.24721659272,0.0118948306738,-0.0317909540839,0.0,395.0910227383982,394.2283357393493,396.09663259196714,394.0325269011349
4.779999999999986,-8.30880100944,11.73618497,28.3181689902,0.196304640015,0.223362031092,0.0,-5.23706318558,6.02061073248,5.25052567199,0.0169981939544,-0.0295612624465,0.0,465.13821148573635,465.661592675235,464.3097918770539,465.50956705689805
4.799999999999986,-8.41405612584,11.8568787054,28.4231832267,0.196893103957,0.224089387007,0.0,-5.28844845406,6.04876280386,5.25089797503,0.0201509709129,-0.0368237170295,0.0,463.7653946791971,462.0502251041199,462.13350917044806,462.87855306857335
4.819999999999985,-8.52017239534,11.9779900795,28.5274753917,0.198324651856,0.223671185623,0.0,-5.32317849673,6.06237460876,5.1783185283,0.0137368350239,-0.0403917582653,0.0,389.25987298455726,388.2556919769154,389.17565101443967,387.36975597321515
4.839999999999985,-8.62709144957,12.0994673058,28.6307769686,0.198796586849,0.22302804342,0.0,-5.36872692546,6.08534801946,5.15183916391,0.0165453812134,-0.0429584133859,0.0,438.0692108992382,437.4274064868803,434.7031793520833,435.4087506128601
4.859999999999984,-8.73503708568,12.2215037663,28.7340456757,0.20083984996,0.223210674815,0.0,-5.42583668582,6.1182980296,5.17503153993,0.00826925775678,-0.0494137976892,0.0,483.9177307943127,482.4565234536201,484.27760064765386,482.40584225806987
4.879999999999984,-8.84400402136,12.3440949971,28.8372468918,0.201013552579,0.222506798789,0.0,-5.47085688273,6.14082505446,5.14509007331,0.00769245748441,-0.0460409654821,0.0,432.3743298085097,433.224628578975,434.42226040606994,434.2769787197918
4.8999999999999835,-8.95386680394,12.4671312155,28.9398266228,0.201989424009,0.221981171792,0.0,-5.5154213747,6.16279678327,5.11288302564,0.0134266436722,-0.0420650765852,0.0,431.1879709483989,432.1934426973305,429.70083336712685,431.15700372327296
4.919999999999983,-9.06468236086,12.5906612682,29.0420247402,0.205238672313,0.22292073666,0.0,-5.56613431712,6.19020848721,5.10692871784,0.00250745793276,-0.0505051391423,0.0,457.3080032114488,455.28519144259604,458.2848897485181,455.6728650434633
4.939999999999983,-9.17650798241,12.7147385994,29.1440703066,0.205435434984,0.224792610653,0.0,-5.61642783829,6.21752463723,5.0976279209,0.00492913927017,-0.061241948308,0.0,455.388368597122,452.8022169201659,453.5938367975958,454.1770092409894
4.959999999999982,-9.2893766905,12.8393900657,29.2460676006,0.205626702444,0.226353270951,0.0,-5.67044297048,6.2476219921,5.102101478,0.0068545968761,-0.0506863824518,0.0,466.26542274361225,468.7310395246054,466.93974742725277,467.3901867678104
4.979999999999982,-9.40325309507,12.9645739996,29.3478254585,0.206059383959,0.226980551628,0.0,-5.71719748697,6.27077139194,5.07368431192,0.0102931406182,-0.0425845102578,0.0,435.56644157793727,437.5933613867699,435.1171012192844,435.97999726070486
4.999999999999981,-9.51804535624,13.0902009067,29.4489214168,0.206283708354,0.226403631186,0.0,-5.76202862968,6.29191932021,5.03591152102,0.0111524794982,-0.0458997463774,0.0,427.3267533485703,426.47676453225336,426.0986730447333,426.31895772511217
5.019999999999981,-9.63375620913,13.2162684185,29.5493505794,0.206506818727,0.225860525073,0.0,-5.80905665986,6.31483186554,5.00700473127,0.011103170863,-0.0420273372339,0.0,434.171154777443,435.14375656335613,435.76515469462646,435.7526627225767
